9780140449180
9780061120081
9780143039962
9781400033403
9780679722754
9780142437305
9781400033416
9780679722767
9780142437308
9781400033419
9780679722760
9780142437301
9781400033412
9780679722763
9780142437304
9781400033415
9780679722766
9780142437307
9781400033418
9780679722769
9780142437300
9781400033411
9780679722762
9780142437303
9781400033414
9780679722765
9780142437306
9781400033417
9780679722768
9780142437309
9781400033410
9780679722761
9780142437302
9781400033413
9780679722764
9780142437305
9781400033416
9780679722767
9780142437308
9781400033419
9780679722760
9780142437301
9781400033412
9780679722763
9780142437304
9781400033415
9780679722766
9780142437307
9781400033418
9780679722769
9780142437300
9781400033411
9780679722762
9780142437303
9781400033414
9780679722765
9780142437306
9781400033417
9780679722768
9780142437309
9781400033410
9780679722761
9780142437302
9781400033413
9780679722764
9780142437305
9781400033416
9780679722767
9780142437308
9781400033419
9780679722760
9780142437301
9781400033412
9780679722763
9780142437304
9781400033415
9780679722766
9780142437307
9781400033418
9780679722769
9780142437300
9781400033411
9780679722762
9780142437303
9781400033414
9780679722765
9780142437306
9781400033417
9780679722768
9780142437309
9781400033410
9780679722761
9780142437302
9781400033413
9780679722764
9780142437305
9781400033416
9780679722767
9780142437308
9781400033419
9780679722760
9780142437301
9781400033412
9780679722763
9780142437304
9781400033415
9780679722766
9780142437307
9781400033418
9780679722769